-22.933969497680664,-11.620833396911621,4.066349506378174,0
-34.89931106567383,-6.90372896194458,-4.534644603729248,0
16.884017944335938,2.758307456970215,4.859344959259033,0
23.167940139770508,1.8954116106033325,0.9715150594711304,0
3.6190524101257324,0.46502840518951416,-1.3404126167297363,0
-48.00754165649414,8.560855865478516,-18.024993896484375,0
-30.89020538330078,0.8671949505805969,-7.497577667236328,0
-31.826929092407227,-0.848680317401886,3.0813589096069336,0
-43.29413604736328,-1.0489147901535034,-3.9150612354278564,0
14.192673683166504,0.25908181071281433,5.038241386413574,0
15.037680625915527,-1.4110945463180542,1.154022455215454,0
-45.477561950683594,-9.506307601928711,-2.104071855545044,0
-53.81630325317383,2.1793551445007324,-13.454910278320312,0
4.576096534729004,-3.4225363731384277,3.4511308670043945,0
-36.30164337158203,1.585760235786438,-5.6698150634765625,0
8.693649291992188,-4.722477436065674,0.4269719421863556,0
-46.896366119384766,-11.54224967956543,6.8580451011657715,0
-18.100128173828125,1.8976593017578125,-7.791001796722412,0
-26.911121368408203,-0.6630944013595581,-10.453089714050293,0
-29.59723663330078,-1.996911644935608,-13.496147155761719,0
-32.58688735961914,4.604052543640137,-3.154907703399658,0
57.670291900634766,-7.1159772872924805,2.5771801471710205,0
-16.37523651123047,-0.8480837345123291,-0.15723499655723572,0
-38.21824264526367,2.737098217010498,-10.282015800476074,0
-9.760251998901367,8.445612907409668,0.20681005716323853,0
2.940593719482422,1.8540301322937012,-4.853830337524414,0
-54.43497085571289,-48.15972137451172,24.185588836669922,0
-51.01345443725586,10.235221862792969,-17.946121215820312,0
-44.536956787109375,5.224187850952148,-15.774861335754395,0
-29.147216796875,5.234457492828369,-4.20680570602417,0
-0.9797216653823853,-0.43151652812957764,0.8901964426040649,0
-28.228979110717773,2.447150707244873,-6.344921112060547,0
-9.501975059509277,-4.562425136566162,0.941256046295166,0
-43.5477409362793,1.755961537361145,-9.039920806884766,0
-7.278061866760254,-2.1890218257904053,-3.0728983879089355,0
-4.543779373168945,-0.8272694945335388,-5.103945732116699,0
6.204804420471191,0.2654615342617035,1.8074325323104858,0
-42.92938232421875,2.351925849914551,-7.047275543212891,0
32.87310791015625,-5.541901111602783,-7.970112323760986,0
-44.55585479736328,3.3078091144561768,-15.337217330932617,0
-36.748348236083984,15.108264923095703,-22.62139129638672,0
38.45404815673828,-10.67205810546875,-5.103984832763672,0
30.00480079650879,-7.914720058441162,-2.527172565460205,0
-42.98759841918945,1.9653595685958862,-4.3239641189575195,0
-8.169529914855957,-2.793424367904663,-3.781754970550537,0
-41.64096450805664,13.1310396194458,-18.89815902709961,0
-41.08040237426758,0.3494820296764374,-4.930421352386475,0
-23.638282775878906,-3.069204568862915,-5.704187393188477,0
-42.2822380065918,0.8895795345306396,1.5908935070037842,0
-45.5791015625,-5.055514812469482,-0.5345291495323181,0
8.357293128967285,1.587282657623291,0.06201484054327011,0
-24.660085678100586,-0.8591762781143188,0.27398252487182617,0
-66.30391693115234,3.3647313117980957,-7.466146469116211,0
4.978003025054932,-14.847601890563965,-0.7671998143196106,0
-49.07062530517578,0.40811142325401306,-11.135951042175293,0
-47.84314727783203,-3.188654899597168,-8.30141544342041,0
4.360633850097656,-0.13718755543231964,4.406174659729004,0
-42.6552848815918,7.811161994934082,-9.3850679397583,0
-37.66400146484375,8.831884384155273,-13.51967716217041,0
-61.1322135925293,9.26091194152832,-11.39072036743164,0
5.856806755065918,3.607609272003174,-0.3734842836856842,0
-40.036964416503906,-4.858503341674805,-7.738417148590088,0
-33.89092254638672,3.046558141708374,-5.732327938079834,0
-27.46186637878418,4.6334099769592285,-11.732569694519043,0
-63.92410659790039,-37.34309005737305,24.125383377075195,0
-39.78373718261719,-13.6852388381958,-1.811889410018921,0
-16.827993392944336,-0.9752214550971985,-1.3121451139450073,0
-45.49087905883789,9.315532684326172,-16.599559783935547,0
9.84057903289795,0.6745845675468445,-3.9773483276367188,0
0.7396043539047241,-6.8059515953063965,2.303619861602783,0
-20.278636932373047,0.9169570207595825,1.9595444202423096,0
-58.776512145996094,23.217044830322266,-29.409061431884766,0
-59.486576080322266,18.081501007080078,-23.471351623535156,0
-51.417274475097656,4.278316974639893,-12.87792682647705,0
-5.357016563415527,0.581369161605835,0.05294616520404816,0
21.225749969482422,-4.57608699798584,-0.9167855978012085,0
-42.78250503540039,-26.864076614379883,18.081663131713867,0
-56.53561019897461,10.553058624267578,-20.540658950805664,0
-41.11659622192383,-10.84381103515625,1.7310891151428223,0
-3.6846349239349365,-0.6960217952728271,-7.863596439361572,0
-25.43739891052246,-0.6498363614082336,-14.537152290344238,0
0.005372349172830582,-5.511629581451416,-8.007634162902832,0
2.716892719268799,-2.653139591217041,-4.97353982925415,0
14.606839179992676,-3.663794994354248,-3.4343907833099365,0
-35.091129302978516,-3.47141432762146,-10.472860336303711,0
-16.61370086669922,-5.815671443939209,-2.5389976501464844,0
14.494888305664062,-0.9994505643844604,-0.4973791837692261,0
11.287422180175781,-6.239628791809082,-11.944644927978516,0
31.497146606445312,1.2262448072433472,1.3397855758666992,0
21.311376571655273,-12.797821044921875,0.7923151254653931,0
-37.400569915771484,4.275443077087402,-12.481663703918457,0
-14.340609550476074,3.505331516265869,-4.298675060272217,0
1.7199862003326416,-2.9531776905059814,-0.7083682417869568,0
-40.39952087402344,6.118929386138916,-11.377626419067383,0
-19.32135581970215,2.5549371242523193,-14.713932991027832,0
-21.028820037841797,-1.5239235162734985,-11.249723434448242,0
-18.612266540527344,0.07923126965761185,-9.907934188842773,0
-34.07024383544922,5.639307022094727,-9.863585472106934,0
-1.1145793199539185,-0.37702736258506775,-0.4984150230884552,0
17.274633407592773,-5.557272434234619,-4.0032806396484375,0
13.93105697631836,-1.6631743907928467,-2.074843406677246,0
-6.37545108795166,1.4371064901351929,-6.818273544311523,0
-23.18735122680664,-0.4248425364494324,-13.17162799835205,0
-13.876847267150879,-6.033926010131836,-9.145492553710938,0
11.45966911315918,-9.299539566040039,-9.694900512695312,0
-6.202033042907715,-1.994836688041687,-4.0329155921936035,0
-24.410747528076172,-0.7821826338768005,-5.66304874420166,0
-11.5065336227417,-1.5373092889785767,-2.1135010719299316,0
5.909514427185059,-0.24495179951190948,-0.3783184587955475,0
-28.827239990234375,1.0354418754577637,-6.815381050109863,0
-0.5359710454940796,0.6521623730659485,-5.195112705230713,0
46.86537170410156,-8.698332786560059,-1.6869711875915527,0
-30.4827823638916,2.4444427490234375,-13.16363525390625,0
6.81614351272583,-4.741821765899658,0.48009568452835083,0
6.094611167907715,-3.9534366130828857,-3.3750054836273193,0
-14.756953239440918,1.2860736846923828,-7.036121368408203,0
-18.954938888549805,-2.6998164653778076,-3.9753363132476807,0
-10.870213508605957,-2.872495651245117,-10.495630264282227,0
35.29560470581055,1.1104369163513184,3.1761677265167236,0
31.27738380432129,3.603774070739746,12.610551834106445,0
12.230313301086426,-7.098872184753418,-4.955314636230469,0
1.3673332929611206,-6.661443710327148,-4.130438327789307,0
41.356422424316406,-23.516300201416016,-18.920745849609375,0
23.3039493560791,-6.476161479949951,-4.7704668045043945,0
13.13548755645752,-2.6776349544525146,-3.6280710697174072,0
-13.309858322143555,-5.28611946105957,-10.817020416259766,0
-4.510300159454346,-3.7389097213745117,-2.551311731338501,0
-14.703619956970215,-0.41168954968452454,-2.3562464714050293,0
-23.089130401611328,2.4988765716552734,-8.75663948059082,0
-9.808747291564941,-1.277842402458191,-2.9514219760894775,0
13.339089393615723,-0.385553777217865,-1.2702010869979858,0
0.22266292572021484,-0.32289156317710876,-7.68803071975708,0
-20.844877243041992,0.2657027542591095,-7.99921178817749,0
52.06251525878906,-4.021150588989258,3.558044195175171,0
42.176361083984375,-3.404672384262085,-1.246530294418335,0
5.332930088043213,-6.3018670082092285,-7.0807929039001465,0
-7.826120853424072,-2.8689637184143066,-6.952688694000244,0
11.105661392211914,0.7676560878753662,2.0160763263702393,0
-18.988502502441406,-4.5343546867370605,-0.9930031299591064,0
37.323638916015625,-6.873998641967773,-3.16473126411438,0
-85.04205322265625,42.147979736328125,-52.89554214477539,0
-13.779158592224121,-1.1871733665466309,-8.133511543273926,0
39.9958381652832,-5.107278347015381,-1.8318015336990356,0
4.260251522064209,-0.853768527507782,4.593844890594482,0
-10.291394233703613,-7.060832977294922,-0.2913248836994171,0
38.7928581237793,-2.1087098121643066,-0.4877927899360657,0
6.288519859313965,-3.4655539989471436,-4.397627353668213,0
2.595224618911743,-4.092990398406982,-0.9763087034225464,0
18.959138870239258,-5.525083065032959,-3.7924864292144775,0
-13.91938304901123,-9.312372207641602,-5.283033847808838,0
15.642725944519043,-1.4029439687728882,-0.5568282604217529,0
2.3246538639068604,-2.808432102203369,-0.23215089738368988,0
32.06447982788086,-8.4884033203125,1.2880990505218506,0
-19.29375648498535,-0.9511815309524536,-9.659794807434082,0
-84.84053039550781,33.10050582885742,-48.41176223754883,0
52.7887077331543,0.11965708434581757,4.123256206512451,0
0.4299694299697876,0.5752524733543396,-6.482403755187988,0
3.8176846504211426,-6.9450907707214355,-3.895657539367676,0
43.534950256347656,-7.801914691925049,-7.069141864776611,0
7.950444221496582,-1.8099838495254517,-3.4797701835632324,0
-10.855074882507324,-0.7445653676986694,-2.9968509674072266,0
35.80242156982422,-2.0657739639282227,-3.2680768966674805,0
-19.6225528717041,3.122954845428467,-9.1163330078125,0
-49.6640625,2.046522617340088,-12.905357360839844,0
-12.4896240234375,0.4635147452354431,-9.777242660522461,0
37.04653549194336,-2.4488580226898193,-3.0592286586761475,0
60.31486511230469,2.2284090518951416,4.940556526184082,0
0.6432816982269287,-0.3877461850643158,-3.120990514755249,0
-7.640181064605713,-0.9372645020484924,-4.683838844299316,0
-17.588180541992188,-6.961368560791016,2.839189291000366,0
-3.4855806827545166,-1.1324490308761597,-6.727169990539551,0
-44.68144607543945,-6.605756759643555,-6.732946872711182,0
-39.613590240478516,8.163928985595703,-20.359582901000977,0
-10.272683143615723,-4.390527248382568,-7.586609363555908,0
46.86865234375,-9.583852767944336,-5.207875728607178,0
24.410924911499023,-10.440882682800293,-7.570795059204102,0
-11.568015098571777,-5.663937091827393,-7.716724872589111,0
7.284816741943359,-4.508257865905762,-4.51894998550415,0
-12.602655410766602,-6.846869945526123,-6.199769020080566,0
7.722339153289795,-5.2886810302734375,-8.335302352905273,0
-5.918731689453125,-4.239348888397217,-2.5121355056762695,0
-30.185935974121094,-0.6638665795326233,-6.896112442016602,0
-12.3001708984375,-6.300759315490723,-2.8138551712036133,0
14.601963996887207,-5.191538333892822,2.1557273864746094,0
0.7567211985588074,-1.1076887845993042,-2.2127389907836914,0
10.525955200195312,-1.5597848892211914,1.3313344717025757,0
-30.332637786865234,-6.195120811462402,-2.5545976161956787,0
34.89548110961914,-8.6424560546875,-4.295759201049805,0
6.815410614013672,-5.617987632751465,-5.073329925537109,0
0.9827612042427063,-5.51726770401001,6.184452056884766,0
-8.821578979492188,-5.53103494644165,-6.898950576782227,0
-10.529186248779297,-4.675783157348633,-4.9727349281311035,0
-38.2075309753418,-6.828951358795166,-0.05936553701758385,0
14.512608528137207,4.536552906036377,2.2353968620300293,0
-2.7557129859924316,-2.4409303665161133,-6.033292293548584,0
-40.152156829833984,6.752633571624756,-14.884217262268066,0
-3.9382071495056152,-4.007436752319336,-7.642269134521484,0
-33.10750961303711,-3.157198429107666,-2.9667375087738037,0
-5.598284721374512,-3.115335702896118,-5.463801383972168,0
0.6436848044395447,-6.316895484924316,-10.411162376403809,0
18.09020233154297,-4.791283130645752,-7.034179210662842,0
-24.582763671875,2.661738634109497,-8.418487548828125,0
-3.657128095626831,1.753851294517517,-4.650008678436279,0
24.911640167236328,-4.941971778869629,-3.6647913455963135,0
49.435482025146484,12.448835372924805,14.312482833862305,0
9.006470680236816,-3.4931163787841797,-3.4972646236419678,0
-2.6902599334716797,-2.999539375305176,-7.182410717010498,0
43.3344841003418,2.0163912773132324,6.529818534851074,0
-16.71857452392578,-4.181185245513916,-7.1388654708862305,0
35.71759796142578,-4.5257744789123535,-0.7734100818634033,0
9.966100692749023,-4.945016860961914,-5.305437088012695,0
2.912945032119751,-6.888400554656982,-11.467005729675293,0
2.0640504360198975,-9.202549934387207,0.32034367322921753,0
-23.57169532775879,-6.092696189880371,-6.785817623138428,0
23.3769588470459,-2.2341201305389404,5.806465148925781,0
-19.53730010986328,0.0974479392170906,-7.080599308013916,0
-38.546260833740234,-6.537348747253418,-2.187504768371582,0
-28.067787170410156,4.437235355377197,-11.199116706848145,0
26.644330978393555,-9.030064582824707,-3.5406429767608643,0
30.335905075073242,-4.934211730957031,-1.5381728410720825,0
-40.058406829833984,2.3286468982696533,-5.613914489746094,0
10.357972145080566,-3.0417542457580566,-2.0045113563537598,0
33.46083068847656,-4.188896179199219,-3.883540391921997,0
-42.968624114990234,-1.23915433883667,-6.340758323669434,0
-33.947689056396484,-8.360386848449707,-2.5244126319885254,0
3.7727410793304443,-7.257918834686279,-5.133757591247559,0
11.390576362609863,1.497997760772705,-2.0168113708496094,0
-16.228801727294922,-7.77606725692749,-6.841660976409912,0
30.235538482666016,-3.6014115810394287,-0.29818108677864075,0
-1.5838807821273804,-0.8061837553977966,-1.7604037523269653,0
44.515384674072266,-1.7160205841064453,3.6966567039489746,0
-0.4288305640220642,-1.241459846496582,1.0779199600219727,0
-43.405025482177734,-25.93319320678711,8.250311851501465,0
4.949311256408691,-3.1231849193573,-7.981609344482422,0
-23.69049835205078,-9.863587379455566,8.50160026550293,0
-32.34636306762695,-1.2181841135025024,-13.502100944519043,0
-28.166606903076172,-1.3134952783584595,-12.274174690246582,0
30.01484489440918,-5.015862941741943,-1.4027948379516602,0
-28.016029357910156,-1.1087876558303833,-7.526983737945557,0
-16.084871292114258,1.219919204711914,-3.5415544509887695,0
35.0421028137207,1.2929257154464722,-4.1745452880859375,0
-19.082685470581055,-3.5267179012298584,2.5107638835906982,0
5.89487361907959,-7.558268070220947,-8.946959495544434,0
24.93002700805664,-11.288893699645996,-8.21391773223877,0
27.804515838623047,-15.38028621673584,-11.412898063659668,0
42.538883209228516,-3.3997390270233154,-0.6296548247337341,0
9.971392631530762,0.21557201445102692,-2.80527400970459,0
1.7954185009002686,-3.364471435546875,-3.320258140563965,0
15.168774604797363,0.16853299736976624,-6.677854537963867,0
-36.70337677001953,-0.5028252601623535,-9.437156677246094,0
-13.84286117553711,-2.9388673305511475,-11.639840126037598,0
-43.886268615722656,-3.9992387294769287,-10.534061431884766,0
54.67205810546875,-4.765004634857178,-0.8706920146942139,0
-6.69771671295166,-4.581929683685303,5.158966541290283,0
-14.01418685913086,-6.427941799163818,3.6848950386047363,0
19.160024642944336,-4.125504970550537,0.5075082778930664,0
38.80569839477539,3.2064976692199707,6.4499897956848145,0
-39.52427291870117,-4.45749568939209,-7.158552169799805,0
10.754644393920898,-4.668769359588623,-1.9450395107269287,0
41.884769439697266,-4.133911609649658,-0.19215820729732513,0
33.33717346191406,-6.5572309494018555,-5.6470465660095215,0
-21.36199188232422,-11.088972091674805,-1.699337363243103,0
-56.9688835144043,6.684321403503418,-12.497108459472656,0
12.81224536895752,-5.860856533050537,-6.505486488342285,0
-2.7560646533966064,-5.512442588806152,-2.9696474075317383,0
-10.272514343261719,-2.2542498111724854,-0.8593528866767883,0
13.833974838256836,-2.530226707458496,-0.4540504217147827,0
8.5956449508667,-0.8977085947990417,-0.4334414601325989,0
-12.755111694335938,1.618300437927246,-7.667017459869385,0
-8.644074440002441,-12.70280933380127,-3.445918321609497,0
-26.0505313873291,-7.067606449127197,-5.562326908111572,0
9.219285011291504,-4.954753398895264,-6.841789722442627,0
-13.909050941467285,-1.1948082447052002,-4.984788417816162,0
-9.521425247192383,-2.9078900814056396,-13.028793334960938,0
-52.44482421875,-9.837834358215332,-6.268045902252197,0
-5.536684036254883,-1.4202215671539307,-3.880136013031006,0
29.302886962890625,-2.2848072052001953,2.1629250049591064,0
13.733711242675781,-2.632272720336914,5.582306861877441,0
-14.995935440063477,-0.10879067331552505,-7.850404739379883,0
31.314346313476562,-5.714020252227783,-6.939117431640625,0
26.999582290649414,-1.6264206171035767,2.588679552078247,0
1.6231907606124878,-4.37007474899292,0.3887377381324768,0
-1.294708251953125,-7.300217151641846,-6.069721221923828,0
12.668416976928711,-1.4827901124954224,0.7316709160804749,0
-6.296959400177002,-3.1146116256713867,1.1268789768218994,0
38.1629753112793,6.578906059265137,9.957135200500488,0
21.13745880126953,0.3457097113132477,7.99190092086792,0
-2.8548941612243652,-6.342365264892578,-4.959757328033447,0
-17.84520149230957,0.20392051339149475,-0.7418209910392761,0
-16.930402755737305,-2.8865768909454346,-6.298757076263428,0
-46.99641036987305,-9.75896167755127,-10.531618118286133,0
-34.19331359863281,-3.581404447555542,-6.553547382354736,0
-26.26402473449707,-11.384468078613281,-4.013405799865723,0
29.974754333496094,-2.4197890758514404,7.070344924926758,0
-7.496727466583252,-2.496378183364868,-1.7492262125015259,0
-48.95603942871094,-17.33261489868164,2.519406318664551,0
0.6393197774887085,-4.802880764007568,14.133098602294922,0
-31.74802017211914,-1.5211106538772583,-11.314846992492676,0
-9.169086456298828,-1.6390663385391235,-9.772439002990723,0
-40.229373931884766,-0.10008903592824936,-12.12930679321289,0
3.805929183959961,-3.133110284805298,-9.369751930236816,0
-26.82015609741211,-6.716946125030518,-3.459665536880493,0
-21.928333282470703,-2.955963134765625,-0.08984238654375076,0
5.010295867919922,-7.5297932624816895,-3.7141621112823486,0
-25.48696517944336,4.264227390289307,-8.201967239379883,0
-32.88327407836914,4.775154113769531,-11.594964027404785,0
-36.83901596069336,1.4516417980194092,-14.061092376708984,0
-12.604330062866211,-4.602899074554443,-5.056900501251221,0
-41.11470031738281,-3.1503798961639404,-9.646330833435059,0
-13.426877975463867,-2.3846805095672607,-3.912160634994507,0
10.145623207092285,-3.7385928630828857,-1.3397612571716309,0
0.2981496751308441,-6.895391464233398,-6.475367546081543,0
12.395631790161133,-6.763382434844971,-4.43770694732666,0
20.828380584716797,-10.431390762329102,-8.819940567016602,0
66.5896987915039,18.409381866455078,21.07518768310547,0
-3.9375762939453125,-6.01425838470459,4.764396667480469,0
-25.0282039642334,1.2935569286346436,-10.640156745910645,0
45.779056549072266,-6.43747615814209,0.39698097109794617,0
26.52581214904785,-4.304656028747559,1.3957040309906006,0
-33.76789855957031,-7.011887073516846,-6.418114185333252,0
-13.742353439331055,1.1344929933547974,-13.215195655822754,0
8.093188285827637,-3.20931339263916,-0.8356877565383911,0
49.57624816894531,-6.294554710388184,3.529627561569214,0
-28.879066467285156,-15.21174144744873,21.682825088500977,0
-9.646186828613281,-6.120184898376465,-4.659578323364258,0
-13.39555835723877,-3.7995150089263916,-8.31698226928711,0
29.928516387939453,0.8545336127281189,2.763871431350708,0
41.68311309814453,-5.262157440185547,2.6541953086853027,0
-8.015748023986816,-3.179333209991455,-9.299224853515625,0
42.51325607299805,10.419487953186035,14.179009437561035,0
-26.820098876953125,-6.448195934295654,-8.02127742767334,0
-37.07884216308594,-6.727352142333984,-8.081196784973145,0
43.23200607299805,-6.717116832733154,0.186458557844162,0
-9.680054664611816,-3.800755262374878,-4.004765510559082,0
-37.41424560546875,0.5084388256072998,-5.577336311340332,0
-17.18241310119629,-6.434402942657471,-4.457451820373535,0
-3.3203444480895996,-2.3755977153778076,-3.5344619750976562,0
11.582454681396484,-0.8627210259437561,3.9311275482177734,0
-53.59498596191406,0.778388261795044,-11.197514533996582,0
10.932331085205078,1.755937933921814,-1.3940811157226562,0
5.895017147064209,-10.902885437011719,-0.283540278673172,0
18.314870834350586,-3.405761480331421,1.6197624206542969,0
-2.8393402099609375,-3.8694677352905273,-1.4723153114318848,0
-0.39873218536376953,-3.32926869392395,-6.477657794952393,0
3.1549131870269775,-5.107784748077393,2.333508253097534,0
-9.17943000793457,-3.4021408557891846,-0.7957496643066406,0
-16.03769874572754,0.3612213432788849,-0.1487194001674652,0
-16.25431251525879,4.792716979980469,-5.023804664611816,0
-16.15115737915039,0.3334207534790039,2.8465471267700195,0
-25.10733985900879,4.50811767578125,-5.044496059417725,0
4.440586566925049,-3.2576372623443604,-3.660625696182251,0
-2.533841848373413,-12.707202911376953,-12.910194396972656,0
-40.81822967529297,1.0824769735336304,-5.72681999206543,0
-41.769256591796875,9.988397598266602,-7.6221184730529785,0
-22.854183197021484,-3.2590742111206055,1.5750608444213867,0
7.482860565185547,-1.985467553138733,-1.0952962636947632,0
-8.565460205078125,-4.032395362854004,-7.3977580070495605,0
12.246994018554688,-4.5490851402282715,4.6787638664245605,0
-18.698020935058594,-2.938157796859741,-9.488554954528809,0
-15.869331359863281,3.1032583713531494,-5.2635931968688965,0
-18.881105422973633,1.6410821676254272,-2.9751617908477783,0
-3.024193048477173,-15.945873260498047,-0.6007446050643921,0
0.35556554794311523,-1.3547110557556152,2.6264760494232178,0
-13.997989654541016,-2.920363426208496,-6.829408645629883,0
3.3973703384399414,-21.65353012084961,-1.2262340784072876,0
0.46742215752601624,-5.913566589355469,1.3730515241622925,0
-3.9174535274505615,-7.012948513031006,-6.645043849945068,0
21.979948043823242,8.788143157958984,7.586237907409668,0
-11.806234359741211,-0.4732294976711273,-4.886075973510742,0
1.4296655654907227,-9.276487350463867,-2.2171759605407715,0
-9.905951499938965,-4.33952522277832,-2.561469316482544,0
-25.338058471679688,-2.1658267974853516,-3.2056448459625244,0
6.403189182281494,0.8316419124603271,11.405774116516113,0
-23.910717010498047,-0.703535258769989,-8.849745750427246,0
4.475281715393066,-19.603334426879883,-0.5862951278686523,0
-1.0295745134353638,-6.367775917053223,-5.1046671867370605,0
-3.248589277267456,-2.9837892055511475,1.638556957244873,0
-9.42342472076416,-5.832442760467529,-10.983125686645508,0
-14.417326927185059,-2.9750113487243652,-3.2177352905273438,0
-8.966619491577148,-1.0610041618347168,0.7760841846466064,0
-21.686546325683594,-0.8941240906715393,2.1105568408966064,0
-9.376245498657227,-4.6665143966674805,-4.101425647735596,0
8.925159454345703,-4.243034362792969,-7.9608540534973145,0
-11.307439804077148,-2.3677384853363037,-5.474839210510254,0
-11.826164245605469,0.9048952460289001,-4.765781402587891,0
-28.74654769897461,-3.1424381732940674,-10.337214469909668,0
2.5971622467041016,0.40732282400131226,-1.3620795011520386,0
-16.876985549926758,1.9204655885696411,-5.790743827819824,0
-22.424036026000977,-9.00011157989502,-11.796917915344238,0
-3.9022679328918457,-5.738202095031738,0.7471374869346619,0
11.922037124633789,-6.934724807739258,-2.2773642539978027,0
-5.684516906738281,-2.5378291606903076,0.5411441922187805,0
-11.476151466369629,-5.061253070831299,-15.381143569946289,0
-15.621184349060059,-7.688060760498047,-10.272222518920898,0
-22.223554611206055,3.41770076751709,-6.831307411193848,0
-20.609975814819336,0.24302372336387634,2.3613665103912354,0
1.822344183921814,-8.437141418457031,0.23277829587459564,0
-21.881093978881836,3.196829319000244,0.46396854519844055,0
-27.14849090576172,4.7685627937316895,-7.1129150390625,0
-28.950660705566406,0.18386808037757874,0.8452855348587036,0
11.574634552001953,17.275455474853516,1.0860748291015625,0
-27.138914108276367,1.515375018119812,-5.152860641479492,0
-10.41072940826416,-0.4597390592098236,-4.367645263671875,0
-56.41604232788086,-4.170295238494873,2.185985803604126,0
-16.1894474029541,1.290819764137268,-2.0044796466827393,0
0.04057740792632103,-6.9083170890808105,-3.6829662322998047,0
-3.0743520259857178,-6.69672155380249,-4.557456970214844,0
-13.3179292678833,5.036605358123779,-5.274347305297852,0
-8.070185661315918,-3.1604020595550537,1.4985442161560059,0
-5.998556137084961,-4.624468803405762,-4.886977195739746,0
10.853763580322266,-7.960744380950928,-5.010182857513428,0
-10.95494270324707,-5.9033589363098145,-15.029261589050293,0
-11.199602127075195,-1.356684684753418,-2.0033161640167236,0
-14.903448104858398,-0.4295019209384918,3.4491846561431885,0
-28.938512802124023,-6.785058498382568,-2.5298149585723877,0
-8.941044807434082,-0.831838846206665,-2.968291997909546,0
-28.273130416870117,2.324827194213867,-0.5920290946960449,0
-23.740116119384766,3.028140068054199,-1.4348396062850952,0
1.6960409879684448,-1.7371175289154053,1.1256263256072998,0
-11.762041091918945,-3.0069451332092285,-4.723133087158203,0
-11.929286003112793,-1.6195260286331177,-1.3350144624710083,0
10.395007133483887,-2.885178565979004,-0.9445726275444031,0
-27.202064514160156,7.486824989318848,-5.237569332122803,0
2.771590232849121,-5.94639778137207,-6.353181838989258,0
-44.14070129394531,4.169290065765381,1.2462009191513062,0
10.913405418395996,-3.458022117614746,-2.2064247131347656,0
-21.36669158935547,4.955204010009766,-0.7540473937988281,0
-31.81144905090332,7.189415454864502,-13.427287101745605,0
1.0465394258499146,-2.529971122741699,-6.444933891296387,0
11.0062894821167,-10.377588272094727,-6.300156593322754,0
13.404449462890625,-6.533659934997559,-0.8716098666191101,0
-15.96180534362793,1.226473093032837,-0.558346152305603,0
3.2214982509613037,-0.32814276218414307,-5.082484245300293,0
5.582982063293457,1.6836670637130737,3.6499109268188477,0
-34.17919921875,10.097315788269043,-11.62205982208252,0
-16.85826873779297,1.4277297258377075,-5.054630756378174,0
-22.027257919311523,2.617143154144287,-3.443373918533325,0
60.83286666870117,-0.39764404296875,2.3899765014648438,0
5.422293186187744,-8.043781280517578,-1.5226835012435913,0
-15.012956619262695,2.784503221511841,-1.174226999282837,0
-2.2028510570526123,-6.98355770111084,7.736388683319092,0
9.022628784179688,-7.059456825256348,-2.3884313106536865,0
-18.923852920532227,-3.299391746520996,6.099966526031494,0
-1.6811960935592651,-7.568183422088623,-4.824345111846924,0
-11.040932655334473,-4.2326436042785645,-5.710747718811035,0
68.29605865478516,145.42047119140625,152.0672607421875,0
-5.955868721008301,-2.999948024749756,-6.784695625305176,0
12.360523223876953,-10.119424819946289,-1.2157975435256958,0
1.603436827659607,-34.619789123535156,-9.967217445373535,0
-1.306813359260559,-9.971590995788574,-8.432497024536133,0
15.278783798217773,-18.53003692626953,-11.524357795715332,0
-42.34530258178711,-1.801120638847351,-5.80656099319458,0
-54.15289306640625,12.800945281982422,-14.998135566711426,0
-1.870970606803894,-8.366783142089844,-6.8604536056518555,0
-5.493137836456299,-11.644895553588867,-3.8291311264038086,0
-3.856060743331909,-25.077646255493164,-0.15218262374401093,0
-12.651810646057129,-3.564636468887329,-2.637376308441162,0
-6.737794876098633,-3.309070587158203,-2.7390663623809814,0
-14.940982818603516,0.814161479473114,-0.2658105194568634,0
-10.89272689819336,-1.8206051588058472,-2.3495118618011475,0
-20.079456329345703,1.3571245670318604,-5.534536838531494,0
-12.781577110290527,-1.2012038230895996,-7.810829162597656,0
-3.380866050720215,-4.188944339752197,-6.3149333000183105,0
9.340968132019043,-3.130035638809204,-1.1732571125030518,0
-1.258581280708313,-9.626955032348633,-1.140602946281433,0
-2.1093454360961914,-12.510732650756836,-2.3578758239746094,0
2.096797466278076,-2.683368682861328,1.5291578769683838,0
2.6230337619781494,-11.216581344604492,2.2897305488586426,0
-33.25861358642578,8.056434631347656,-10.596221923828125,0
-4.881372928619385,-3.3540878295898438,-5.585430145263672,0
-13.985441207885742,0.3103078007698059,-5.137797832489014,0
-12.044463157653809,-5.247285842895508,-1.8195244073867798,0
13.751598358154297,-1.9421979188919067,4.148968696594238,0
-14.474271774291992,-11.850276947021484,1.3682878017425537,0
-10.1489896774292,-1.7912317514419556,-2.1027023792266846,0
-11.108853340148926,-5.706986904144287,-9.443833351135254,0
6.730559349060059,1.559935450553894,10.924764633178711,0
-21.92018699645996,-3.0483479499816895,-7.013245105743408,0
-16.546005249023438,-6.187047958374023,-13.354242324829102,0
-15.675620079040527,-2.4653944969177246,-3.94287371635437,0
-13.958944320678711,-0.043924570083618164,-4.815688610076904,0
-5.165800094604492,-7.210027694702148,-15.704827308654785,0
-14.248899459838867,-3.582101583480835,2.4318666458129883,0
-48.138084411621094,13.040303230285645,-19.337432861328125,0
-25.571712493896484,-0.06487014889717102,2.8609681129455566,0
10.95656967163086,-4.375003337860107,-1.7244023084640503,0
-23.090431213378906,-1.8093363046646118,-0.7536826729774475,0
-4.348074436187744,-3.7578651905059814,2.7254557609558105,0
-7.771144866943359,-7.090664863586426,7.7774577140808105,0
-15.585978507995605,2.526094436645508,-6.253166198730469,0
-21.068370819091797,-2.9103846549987793,-8.835477828979492,0
-19.234172821044922,1.2728753089904785,-3.985464334487915,0
-27.855249404907227,3.9381933212280273,-2.7080860137939453,0
-18.702346801757812,1.932856798171997,-5.562819004058838,0
-24.79729461669922,0.051432304084300995,-9.351283073425293,0
-24.597152709960938,1.7536523342132568,-4.646576404571533,0
-28.709135055541992,3.5400214195251465,-3.1976318359375,0
-6.8954315185546875,-6.279466152191162,-0.6029492616653442,0
-5.9199604988098145,-7.333684921264648,-7.438399791717529,0
-9.468976020812988,-3.648658275604248,-6.798542499542236,0
5.0847554206848145,-8.578153610229492,-0.6159470677375793,0
-20.56867218017578,3.96331524848938,-4.6626763343811035,0
-14.45028018951416,1.3746792078018188,1.607550859451294,0
-17.224672317504883,1.4693326950073242,-8.25198745727539,0
-40.370845794677734,2.778975009918213,-1.5441991090774536,0
-14.957819938659668,2.6761224269866943,-10.07981014251709,0
11.488399505615234,-3.4668188095092773,-1.8633171319961548,0
-30.2595272064209,8.780863761901855,-11.295450210571289,0
-17.299766540527344,0.41559410095214844,-5.670345306396484,0
-31.221668243408203,-0.9902052879333496,-10.402982711791992,0
-17.883594512939453,3.0878353118896484,1.354475498199463,0
-36.21560287475586,-2.157836437225342,3.3053088188171387,0
2.3453571796417236,-0.004755367059260607,3.3060669898986816,0
-31.398595809936523,4.271870136260986,-3.063129425048828,0
4.405227184295654,-8.525894165039062,0.10802126675844193,0
0.6438912153244019,-4.045510292053223,2.5572147369384766,0
28.7358341217041,-9.903119087219238,-9.71476936340332,0
8.754940032958984,-12.498753547668457,-12.84265422821045,0
-8.804314613342285,-22.394184112548828,6.633569240570068,0
-16.065698623657227,-6.3952412605285645,-2.6936304569244385,0
11.536429405212402,-10.74085521697998,-3.793745517730713,0
-2.0548129081726074,-10.50783920288086,-9.699055671691895,0
10.464812278747559,-3.574118137359619,3.09438419342041,0
-1.422144889831543,-11.750300407409668,-9.382729530334473,0
10.904805183410645,-1.0090471506118774,-1.5435657501220703,0
-3.963120222091675,-16.26557731628418,1.4351223707199097,0
0.9804937839508057,-4.658538341522217,-12.571272850036621,0
2.8898041248321533,-13.013808250427246,-4.138877868652344,0
24.045516967773438,-7.513134956359863,-3.321279764175415,0
77.31148529052734,158.82139587402344,170.9783172607422,0
3.354609727859497,-11.942532539367676,-1.9852607250213623,0
15.34645938873291,-6.9637131690979,4.2079362869262695,0
12.297643661499023,-19.4997501373291,-5.937527656555176,0
9.341771125793457,-16.841873168945312,-1.9317964315414429,0
-15.905610084533691,-6.174949645996094,21.9820499420166,0
9.101033210754395,-17.542598724365234,-5.931975364685059,0
37.47572326660156,-6.321901321411133,-9.07644271850586,0
52.49070358276367,-0.5716663002967834,-1.941518783569336,0
-0.1472759246826172,-7.055268287658691,-1.4901978969573975,0
-20.80306053161621,-6.021799087524414,-0.13378137350082397,0
37.05419921875,-25.730470657348633,-17.668167114257812,0
4.026020050048828,-13.494709968566895,-2.857313632965088,0
43.20156478881836,-10.627565383911133,-5.091373443603516,0
2.9676144123077393,-10.3350191116333,-8.673748970031738,0
4.882689476013184,-4.01518440246582,-4.549278736114502,0
29.817312240600586,-16.994028091430664,10.31227970123291,0
32.1807975769043,-6.116344451904297,-2.151895761489868,0
11.105345726013184,-2.2460787296295166,11.08001708984375,0
39.3510856628418,-18.002262115478516,-19.28518295288086,0
26.010038375854492,-12.86257266998291,1.6064410209655762,0
20.296432495117188,-4.434123992919922,-11.522261619567871,0
13.391552925109863,-7.349800109863281,-9.062385559082031,0
41.04105758666992,-17.855546951293945,4.326680660247803,0
-3.7934961318969727,-6.754476547241211,0.3389977216720581,0
5.376513957977295,-6.749321937561035,-10.533576011657715,0
11.628425598144531,-18.209192276000977,-16.815811157226562,0
15.385801315307617,-5.869356155395508,-8.473846435546875,0
-41.15983963012695,-13.493230819702148,2.4107556343078613,0
-27.538789749145508,-0.12278413027524948,-12.567065238952637,0
48.76334762573242,-12.258127212524414,-16.167020797729492,0
5.163023471832275,-7.35407829284668,-12.352169036865234,0
-49.50052261352539,-23.8624210357666,17.460886001586914,0
-12.354496955871582,-3.3699092864990234,-12.571672439575195,0
18.834131240844727,1.956665277481079,6.076772689819336,0
-3.4910106658935547,-8.416777610778809,4.627480506896973,0
13.633380889892578,-10.948092460632324,-4.424414157867432,0
29.630311965942383,-13.328447341918945,-4.359352111816406,0
2.1863129138946533,-10.758293151855469,-11.183882713317871,0
-0.5196205377578735,-19.279953002929688,-5.186544418334961,0
6.04932975769043,-16.966299057006836,-3.5507993698120117,0
10.128642082214355,-13.000286102294922,-13.72905158996582,0
2.6932077407836914,-7.920387268066406,-26.065322875976562,0
16.719377517700195,-21.563098907470703,-9.990591049194336,0
-28.419967651367188,-8.10229206085205,16.733694076538086,0
15.827893257141113,-3.607994556427002,-5.047430038452148,0
-0.8808149099349976,-6.799258708953857,-8.551774978637695,0
-7.492608547210693,-0.866550624370575,3.086848258972168,0
10.761617660522461,-18.664684295654297,-1.8102946281433105,0
15.239428520202637,-9.757018089294434,-2.1891915798187256,0
-63.962196350097656,-12.764278411865234,4.097024917602539,0
64.62389373779297,-32.457008361816406,-20.223108291625977,0
-3.4397454261779785,-8.784714698791504,18.24673080444336,0
26.539615631103516,-9.973648071289062,0.31956321001052856,0
-12.622734069824219,-36.0920295715332,40.114524841308594,0
2.3877477645874023,-12.605611801147461,-7.454256057739258,0
37.081058502197266,-7.948592185974121,-3.136721134185791,0
5.944420337677002,1.772367238998413,19.30730628967285,0
28.292400360107422,-11.443964958190918,-10.517388343811035,0
33.399993896484375,-7.500948429107666,0.6836668252944946,0
11.85176944732666,1.9232794046401978,-4.206061363220215,0
-13.812349319458008,-11.575163841247559,1.7496215105056763,0
12.368924140930176,-10.947510719299316,-4.126727104187012,0
2.6645517349243164,-10.915680885314941,-9.796969413757324,0
12.926118850708008,-13.89010238647461,-0.9895249009132385,0
11.046638488769531,-8.41455078125,-4.282196044921875,0
-22.512920379638672,-13.19426155090332,-1.9033113718032837,0
23.297447204589844,-3.471353769302368,2.323296308517456,0
18.568462371826172,-24.944927215576172,-13.69643497467041,0
21.663110733032227,-12.531020164489746,0.31848734617233276,0
-1.902750849723816,-10.978920936584473,-14.404062271118164,0
0.7326829433441162,-17.02336311340332,5.909769058227539,0
53.58084487915039,1.9940904378890991,16.00442123413086,0
8.863700866699219,-13.170926094055176,-0.20107240974903107,0
21.24159049987793,-18.747947692871094,-12.015076637268066,0
14.342514038085938,-12.549138069152832,2.547008752822876,0
3.4805376529693604,-13.801924705505371,-3.3907923698425293,0
-12.413980484008789,1.0013614892959595,1.572484016418457,0
-4.368124008178711,-13.657305717468262,-7.50153112411499,0
8.882530212402344,-8.85718059539795,-8.977140426635742,0
-2.779109477996826,-18.972286224365234,-7.363553047180176,0
16.483848571777344,-8.444942474365234,-3.32755184173584,0
17.391605377197266,0.11860484629869461,17.24782943725586,0
4.260336875915527,-7.0185933113098145,-3.9678795337677,0
10.804682731628418,-9.336030006408691,-12.547990798950195,0
16.79390525817871,-10.455967903137207,-15.452546119689941,0
31.991191864013672,-10.02335262298584,-14.072526931762695,0
8.384188652038574,-3.5062367916107178,15.07811164855957,0
36.14890670776367,-15.850351333618164,2.247795820236206,0
10.358075141906738,-9.560298919677734,13.029534339904785,0
14.40838623046875,-9.950982093811035,-12.101840019226074,0
34.362754821777344,-5.702765941619873,4.55649995803833,0
18.294330596923828,-9.977204322814941,-6.696294784545898,0
8.384603500366211,-5.348726272583008,-4.975615978240967,0
-3.143770217895508,-9.265782356262207,1.800107717514038,0
23.408462524414062,-10.45856761932373,-9.207381248474121,0
3.8058393001556396,-9.725961685180664,-1.7471675872802734,0
39.005001068115234,-6.388273239135742,7.068162441253662,0
-0.883017897605896,-8.523395538330078,-2.19378924369812,0
16.59745216369629,-0.24113360047340393,-3.55854868888855,0
7.844924449920654,-7.9832282066345215,11.17184066772461,0
28.733749389648438,-5.007845401763916,-6.61890983581543,0
3.8266634941101074,-9.131802558898926,-11.504068374633789,0
10.606465339660645,-16.322147369384766,-5.867542743682861,0
-17.08409309387207,-10.414725303649902,-6.137528419494629,0
-1.167244791984558,-9.739477157592773,-6.189691543579102,0
-5.977921009063721,-13.72999095916748,-8.190608978271484,0
15.731711387634277,-24.42669677734375,-7.862921237945557,0
45.56391906738281,-27.66616439819336,-17.6961727142334,0
-8.049129486083984,-21.75297737121582,8.90514087677002,0
7.476830959320068,-8.851666450500488,-9.639548301696777,0
17.04781150817871,3.4646480083465576,-0.24326202273368835,0
33.527442932128906,-6.974367141723633,-3.3472464084625244,0
0.1681961566209793,-5.632689952850342,26.35099220275879,0
1.4542176723480225,-12.531717300415039,-6.183234691619873,0
3.018549680709839,-16.747859954833984,-1.4431873559951782,0
21.22219467163086,-15.488585472106934,1.6725815534591675,0
10.529227256774902,-6.998290538787842,-1.6496888399124146,0
5.9648823738098145,-7.898181915283203,-8.742302894592285,0
29.080324172973633,-14.603910446166992,-22.250957489013672,0
12.192093849182129,-5.2576985359191895,-0.7312719821929932,0
38.874595642089844,-11.018783569335938,-14.68169116973877,0
19.900888442993164,-9.66498851776123,0.018063165247440338,0
21.651355743408203,-6.498315811157227,-6.170421600341797,0
60.23980712890625,-7.5642242431640625,-1.2053966522216797,0
15.644264221191406,-10.71984577178955,3.541354179382324,0
-60.42324447631836,164.7880096435547,-178.34217834472656,0
3.5266008377075195,-12.8215913772583,-8.874762535095215,0
7.546009063720703,-8.986626625061035,-14.341327667236328,0
31.185115814208984,-17.719614028930664,-12.344236373901367,0
1.978439450263977,-9.49909496307373,-2.5737125873565674,0
4.866643905639648,-6.153598308563232,0.1460382640361786,0
0.454326331615448,-11.993221282958984,4.381368637084961,0
-6.074831485748291,-10.867817878723145,3.280115842819214,0
2.9229342937469482,-3.4088902473449707,-6.658503532409668,0
-7.696119785308838,-9.526077270507812,-4.704621315002441,0
8.210713386535645,-13.809435844421387,12.04751968383789,0
11.338500022888184,-7.187641143798828,-17.539134979248047,0
-38.280845642089844,-5.218181610107422,-4.7526702880859375,0
16.179275512695312,-6.7381086349487305,-13.007002830505371,0
2.5896847248077393,-14.150656700134277,-12.800718307495117,0
10.866120338439941,-9.052435874938965,-8.278507232666016,0
4.919969081878662,-5.754624366760254,-4.977989673614502,0
2.7079646587371826,-9.953010559082031,-0.7873595952987671,0
20.115909576416016,-24.20733070373535,-17.808088302612305,0
38.01891326904297,-2.3344228267669678,-1.766175627708435,0
0.3507249355316162,-6.170436859130859,-8.894305229187012,0
2.1672093868255615,-2.569211959838867,-5.076717376708984,0
3.1472699642181396,-25.77419662475586,-7.206849098205566,0
5.096726417541504,-5.650171279907227,-5.705790996551514,0
24.00682258605957,-7.4432573318481445,-5.530543804168701,0
11.002243041992188,-3.6436948776245117,1.1810429096221924,0
27.31242561340332,-15.868659973144531,-6.909165382385254,0
15.991987228393555,-3.8614344596862793,-1.42853581905365,0
42.39927673339844,168.42825317382812,177.43101501464844,0
-0.22074028849601746,-8.163171768188477,-11.234354972839355,0
4.1684136390686035,-7.455901145935059,-1.6139403581619263,0
-1.7457786798477173,-11.083065032958984,0.5318723320960999,0
24.222158432006836,-9.986320495605469,1.9813332557678223,0
14.690197944641113,-2.8828506469726562,-17.10911750793457,0
-3.235363721847534,-4.612668991088867,-0.500722348690033,0
6.782411575317383,-5.384023666381836,-9.345443725585938,0
-2.357081890106201,-13.745513916015625,-11.305394172668457,0
6.631509780883789,-6.0392022132873535,-10.825340270996094,0
47.52847671508789,2.534959077835083,-1.2374135255813599,0
3.060276985168457,-7.379929065704346,-14.584078788757324,0
2.566422462463379,-6.231951713562012,-1.4556244611740112,0
29.137325286865234,-18.474842071533203,-21.688093185424805,0
19.01946258544922,-9.65356159210205,-1.0286790132522583,0
0.8715178966522217,-9.801977157592773,-9.702286720275879,0
44.484004974365234,-22.298095703125,-10.34902286529541,0
-5.739014148712158,-5.615871906280518,1.2517601251602173,0
17.352210998535156,-3.45961856842041,15.27303695678711,0
10.490591049194336,-15.202014923095703,-12.734772682189941,0
21.777498245239258,-2.11653733253479,0.107475146651268,0
15.757099151611328,-6.861445426940918,-1.7991431951522827,0
3.7760794162750244,-6.751076698303223,-10.17156982421875,0
6.453235149383545,-8.820621490478516,-13.293437004089355,0
-12.739969253540039,-5.212937355041504,-0.6314482092857361,0
22.867765426635742,-20.97516441345215,1.5216480493545532,0
25.944637298583984,-14.933676719665527,-14.603023529052734,0
15.231607437133789,-4.90224552154541,-3.657442331314087,0
-4.670005798339844,-12.809849739074707,4.638490676879883,0
-21.795045852661133,-8.106274604797363,-6.106715679168701,0
17.55447769165039,-2.0158987045288086,1.0244415998458862,0
0.8557354211807251,-8.080327987670898,-2.7836883068084717,0
-29.36149787902832,-15.770009994506836,-3.9852559566497803,0
20.528018951416016,-10.473240852355957,5.198581218719482,0
5.991324424743652,-13.303445816040039,-12.032423973083496,0
6.970276355743408,-3.0148494243621826,7.612759590148926,0
6.5255866050720215,-8.708847999572754,-6.835663318634033,0
18.06072235107422,-19.903629302978516,-0.08649071305990219,0
19.356096267700195,-5.1964111328125,1.5208462476730347,0
-1.105828046798706,-12.220515251159668,0.1504994034767151,0
12.731640815734863,-4.2607622146606445,-5.234848499298096,0
-6.6670451164245605,-9.051519393920898,-0.8645537495613098,0
55.5703010559082,-26.90346908569336,-15.758190155029297,0
4.874208927154541,-10.555022239685059,-18.093183517456055,0
15.476274490356445,-7.386601448059082,-15.62399959564209,0
4.346940994262695,-7.673150062561035,-10.920199394226074,0
22.42669677734375,-24.89069175720215,-20.702701568603516,0
17.57291030883789,-7.519039154052734,-2.4526546001434326,0
26.04157829284668,-17.02313804626465,-8.47874641418457,0
2.464921236038208,-13.440507888793945,-7.494423866271973,0
7.010494232177734,-13.460243225097656,-9.127327919006348,0
-1.536149263381958,-18.247982025146484,-24.633865356445312,0
4.984757900238037,-4.396352291107178,3.0452041625976562,0
13.311531066894531,-6.4591803550720215,-4.544177055358887,0
7.498597145080566,-18.39638328552246,-4.070375442504883,0
41.361976623535156,-13.079893112182617,-14.49453353881836,0
8.550870895385742,-10.01396369934082,-6.051802158355713,0
3.6735239028930664,-10.262508392333984,3.235879421234131,0
-8.447338104248047,-16.79836654663086,-15.220402717590332,0
5.449728012084961,-12.71298885345459,-5.071244239807129,0
46.8672981262207,-3.535696268081665,2.937560796737671,0
20.173412322998047,-9.763453483581543,-6.5665974617004395,0
-4.323078632354736,-9.778904914855957,-18.927490234375,0
26.759313583374023,-9.322998046875,-12.334176063537598,0
24.873231887817383,-23.459169387817383,-26.344419479370117,0
14.433582305908203,-8.010775566101074,-1.2310843467712402,0
-4.97478723526001,-14.338369369506836,-12.21770191192627,0
-1.7424503564834595,-8.679502487182617,-7.455893039703369,0
14.280806541442871,-9.765242576599121,-15.445523262023926,0
0.682753324508667,-8.229819297790527,-14.08251953125,0
25.964317321777344,-15.172745704650879,-4.64589262008667,0
29.45258140563965,-10.133865356445312,1.749487280845642,0
26.077192306518555,-17.15172576904297,-8.708650588989258,0
18.024812698364258,-6.658128261566162,-4.872737407684326,0
-0.010414225980639458,-15.079183578491211,-12.02819538116455,0
13.953742980957031,-17.575279235839844,-3.307426929473877,0
11.297439575195312,-8.235984802246094,-1.5996311902999878,0
-1.7150721549987793,-6.093652248382568,-8.30052661895752,0
-2.745129108428955,-2.088186740875244,-0.26994436979293823,0
22.059406280517578,-10.970498085021973,12.691879272460938,0
-23.580955505371094,-8.502367973327637,-6.852697372436523,0
36.92911911010742,-9.603560447692871,-11.404097557067871,0
20.331607818603516,-12.99483585357666,2.316455125808716,0
-22.29623794555664,-5.195419788360596,-5.268801212310791,0
-2.2367560863494873,-11.068643569946289,-17.01555061340332,0
33.92665481567383,-8.050211906433105,-2.9641287326812744,0
6.9059343338012695,-1.7200061082839966,-3.336135149002075,0
1.0831284523010254,-2.727872371673584,-3.696256399154663,0
-30.0551815032959,-16.909147262573242,5.042884349822998,0
30.767309188842773,-22.105146408081055,1.6281813383102417,0
-11.453644752502441,-10.18750286102295,-7.368969440460205,0
14.310429573059082,1.4593976736068726,12.737004280090332,0
49.50547790527344,-0.152234748005867,5.531521797180176,0
46.021888732910156,-12.033289909362793,-10.582722663879395,0
23.802730560302734,-10.97276496887207,6.077639102935791,0
47.766754150390625,4.125406265258789,4.826827526092529,0
6.705093860626221,-13.279159545898438,-1.9850794076919556,0
-1.8067364692687988,-23.086584091186523,0.6880937218666077,0
32.403785705566406,-10.728153228759766,-1.3078465461730957,0
4.709609508514404,-4.41112756729126,5.607883930206299,0
13.530674934387207,-13.243460655212402,-0.5652142763137817,0
29.800575256347656,-5.756188869476318,-4.168488502502441,0
23.137760162353516,-3.6574525833129883,7.301638126373291,0
-7.090376377105713,-12.585813522338867,2.2974071502685547,0
-21.5994815826416,-19.685861587524414,9.546100616455078,0
3.9614181518554688,-12.493391990661621,-1.7573250532150269,0
-20.276912689208984,-14.497591018676758,4.682655334472656,0
-2.001436948776245,-18.936159133911133,-7.85084867477417,0
38.9813117980957,-11.817951202392578,1.2351784706115723,0
25.331533432006836,-6.909653663635254,5.646960735321045,0
5.672271728515625,-8.474803924560547,-5.962989330291748,0
10.829497337341309,-12.301412582397461,-1.4974738359451294,0
26.353588104248047,-9.612028121948242,11.615189552307129,0
6.4568963050842285,-3.5286123752593994,-0.3979138135910034,0
2.210113763809204,-6.854371547698975,0.17730647325515747,0
2.739461898803711,-10.551325798034668,-4.631737232208252,0
28.040348052978516,-7.033857822418213,-8.517218589782715,0
-7.614203929901123,-10.286722183227539,4.6788530349731445,0
-1.4242340326309204,-8.868891716003418,1.7221381664276123,0
-37.54756164550781,-13.230368614196777,4.259659290313721,0
-0.7720197439193726,-21.0057315826416,8.638961791992188,0
26.622779846191406,-8.33159065246582,-5.84063196182251,0
-9.024291038513184,-7.050633430480957,-5.182677745819092,0
-8.406534194946289,-24.09785270690918,7.054913520812988,0
7.253619194030762,-8.914298057556152,-5.672756195068359,0
4.22454833984375,-10.11923885345459,-9.865113258361816,0
3.7518856525421143,-11.187528610229492,-16.091129302978516,0
19.351778030395508,-13.059167861938477,-6.1123456954956055,0
15.597230911254883,-5.171074867248535,-7.577130317687988,0
-0.43706655502319336,-14.303518295288086,-2.336744785308838,0
4.892175674438477,-2.9575088024139404,1.2582846879959106,0
-0.3331894874572754,-9.922074317932129,-7.5859270095825195,0
3.949897289276123,-5.146027565002441,-3.289334297180176,0
-7.232143878936768,-14.223776817321777,-2.9660558700561523,0
-22.918474197387695,-11.235845565795898,-4.2476630210876465,0
36.58572006225586,-10.548850059509277,-11.949030876159668,0
8.840864181518555,-10.346834182739258,-10.463571548461914,0
-11.284997940063477,-10.721232414245605,-3.1944003105163574,0
-8.185197830200195,-32.23030471801758,19.781646728515625,0
36.278812408447266,-19.12533950805664,-33.12936019897461,0
37.86603927612305,-10.86156177520752,-17.86853790283203,0
0.44728758931159973,-19.20218276977539,4.751081943511963,0
17.135812759399414,-21.752023696899414,-12.654338836669922,0
22.39704704284668,-20.328638076782227,0.313717246055603,0
34.382869720458984,-5.437975883483887,8.713971138000488,0
6.106234550476074,-0.6181409955024719,4.005581378936768,0
7.395449161529541,-13.193666458129883,-6.0383710861206055,0
28.707975387573242,-8.076648712158203,-7.6971917152404785,0
10.746850967407227,-14.515625953674316,-11.836482048034668,0
4.3519768714904785,-6.440545082092285,21.09801483154297,0
38.90302276611328,0.86601322889328,1.4283957481384277,0
15.402013778686523,-4.040924549102783,-0.09685006737709045,0
31.152210235595703,-14.504937171936035,-2.522505283355713,0
30.10978126525879,-4.648792743682861,14.259785652160645,0
36.929840087890625,-11.957225799560547,-12.40804672241211,0
12.620498657226562,-10.758663177490234,-8.862346649169922,0
-2.6802399158477783,-8.802234649658203,-13.829109191894531,0
5.9464006423950195,-13.52781867980957,7.5028181076049805,0
-10.82369613647461,-2.40372371673584,-1.1769726276397705,0
-0.34576594829559326,-10.642226219177246,-4.603800296783447,0
23.45586395263672,-3.393831968307495,8.990890502929688,0
15.21116828918457,-8.458296775817871,-0.7695774435997009,0
4.061516761779785,-11.270923614501953,-4.2194647789001465,0
41.16215896606445,-20.399471282958984,-11.298373222351074,0
-6.441668510437012,-17.66347885131836,-3.0917890071868896,0
4.902186393737793,-5.290284156799316,-1.684110164642334,0
22.585350036621094,-9.952123641967773,-10.34061050415039,0
42.57868957519531,-13.204007148742676,-10.1985502243042,0
3.7495594024658203,-11.67872428894043,-9.068902969360352,0
